-10   -39.82416758
-09   -39.86276110
-08   -39.89467222
-07   -39.92063494
-06   -39.94129691
-05   -39.95730675
-04   -39.96925919
-03   -39.97771356
-02   -39.98319665
-01   -39.98620392
000   -39.98720122
001   -39.98662619
002   -39.98488672
003   -39.98236092
004   -39.97939756
005   -39.97631146
006   -39.97337999
007   -39.97084051
008   -39.96888439
009   -39.96765244
010   -39.96723190
011   -39.96765244
012   -39.96888439
013   -39.97084051
014   -39.97337999
015   -39.97631146
016   -39.97939756
017   -39.98236091
018   -39.98488672
019   -39.98662619
020   -39.98720122
021   -39.98620392
022   -39.98319665
023   -39.97771357
024   -39.96925920
025   -39.95730676
026   -39.94129692
027   -39.92063496
028   -39.89467224
029   -39.86276112
030   -39.82416761